$ANSIBLE_VAULT;1.1;AES256
38646536306362393563666264623265343733313263646664623964393630373635663463393864
3237313338323762616430663637653932346432326631330a303563633661613232636631306231
61373637656231323662623865663562663435643832373366323037386436323862303133303132
3764393534636632330a623335333665346364623437316538346639643437653938663665626433
64383037663830303137646431653666313832313131613464393631623764303339353032643631
64363763333465353263373464616231376639373262363339343537386561326662633239353330
64373334396363383262303133663266343462343432626565316134616234333866666132363135
62643333393136623661663764633132653338633935393461333933393166316664666237376231
36353761316431313562633631363236386639623139333966373261386533393434313863616339
32343534313233613436666532313234323062333336616437336361323338633661323230323166
37323839386665313461396535666233616464333438346332643931653832366535373161356536
64613366356233646566393238346561633464326365653935336338633963646433316439353666
30646561636631343461636531363933303866633732396335333033643635366332613536306434
63333332383437663433313335353863306634613461663362636662643461343761353039663938
37663731653634633330353835313834626135636232393264616466643136383063306164653632
37303063346166343264616363656462613161326264353731333036313137663739303638643938
39626161323835323533353562643639343766393566636139323737323030663765303261396338
65646264316530326439656362343461373038323336356131343634663665306532653336383463
61626364363836346661363030303232666466643765613336363637316663663134343339303135
32333431343731323935643235306164636231643730313735316464333162633239353938636439
38386238316664333031373439313462383734666434346434376266343066376636613739313562
62306166333537633163613166636539343963346266626231323537306530396561336464343734
32663337643563373039343338643238383930376133343135393030623230383461373839663863
65336435373864373636396162653430303135376165633836626232616631386331626163343835
63383562373833646236336232616663656165663439313363343238376363636536656365656464
39653834313636613234333136653664326231616235343066616139643430653462666561666437
35613965656233373865656236346330663565383337323532653466663337303835383735653530
39633734393935383633313837363130356562393437643538373935303062363639353838316161
38643334393934313464646465303365346461303832316636396334656330383064366332353532
66326437633830316566633836346465666136656239333163396331313139373464353830313135
39633866306230333736343362333730383235616437323763383237613366616662336136366635
66613438363138663463613463323837373232653738613063333537306437326539643361366436
64663132623431613733333737643236336466643465643366393838633433616365306436306235
38343839343036356130323236336165633032633265363831386139363866316665336662356631
65316636646162343965303362366335316265396666353531353136633462336461643465623032
30633737336337303161633863613736376261333335643962636632373538366663303033643765
61626130613031343562653134336232373935383065626537373030613066633532313034666464
38313237643464643934616238333039356438326534353034343461313865383664333461363563
313161343063396165656334613962376535
