$ANSIBLE_VAULT;1.1;AES256
32306338363339353237333264313964653532663130306635623566653566333030323962376638
6638313037626266363066356635636639613066633133370a303366373131306231636335366231
32363739306135613238653036313062636532653562633631323134636633666130666133663261
3635646538373832650a613762656561346237353361623562316436366330383563666237336662
62323332373863336639383237373232343330653765353632343436656163633738626635646365
33376530366663373939323034616635313437323065646561616338666336303535343633303035
38373738396265643864306561386365336366356666616335376236626133666166373565666232
38306131393465396430663131393630653038333563373038393231663739383663643839623538
32363864656334633930323632333732626434646266396265613634633665333963623732396238
38616335663738323837333332636666366330343430363334343064396563633662316164386664
38633862323565353732343439333838653933383666643730646537356130393836663238623061
31316438383135323034656333666565333864386239366134326332373464636264376530613065
30353739366639323434326561623238306161643139303139393832623038396334396538393866
33646266343238376334346264316235303962303665633266303932373634313534383335323832
396436653966646661653266663365303564
