$ANSIBLE_VAULT;1.1;AES256
63663435396338666430633866656130313437666232363264663065653339636262353531373233
6534633334653038383334303038343836663839376532390a363765366662636337633634303139
37373433306636333038363335316531356630336332633237306135656138373633323531643837
6264653333653335340a333838623766323639306331353839663261393835386431663535643137
30313363303663373331633762393136316231313034643936623934353063353832353165396239
34366236313734333034343737363364303333393837646261336564666333646433653831306236
37333535393362623265613932393764343164323631643563663533366632353434313339626239
65623533666566366439346330306565303766313631353437353731616437626138656532633738
35636636353762306638336331373462323937613136343363636665356534333430373864396635
36663032306334323965656364343633336136666466376333643761396533383664373561366536
39346566353530393039306233306436343561316261656465313266303965316232353062346562
66366631663164386236636438373063663661626432336361636233333366376537313534396666
34373237653564643665636336303766616264303962666534306661393937663833313631373339
65643464373139306238666439623131363933616137366235373963306466393330313861346363
34613666313730316330376262323131656236316663626637373939613465626466613462303864
33336331383865333739333730643536366434396339373566633233303065663263303763623839
30626134636362333666373863343265303266383134303836326135643738306235613366346461
39636363393936366234326464393261623438623063623064333963643335333032393731643538
63393234336339346361613939353836646566643236633736623064633031346534653936663031
36373731353861353365313338633832386166646666333937623434656632633966346530636466
30663062383534393563323866336665343737353034353363663064336266333430613464643162
62356166393935323535653163323535333631303534393335356436303962346137643131623737
39663534633931363563623731653434393062333932613033646566636165613662613034613435
64376536366363393830376337386237646461646663323932303230323534626435663162626637
33353532666234306532303562303434366331666334323762373439633538386637623466613035
64333739363135393231666664323933646230383065386638396465663963656366393963366135
36396439613833306437346461313237366664356235393066336566626665333163363036326539
37616462666265633864373132373034653561623432343533333730356436313662366364323962
37646139363061396365336338363762646361646230353633383930333463613035613564363966
33386136656465343739616564663938313763336138393761616164313831313036376562366163
32663736323735336536646363336131623437666465326430363833323262313932306563636238
37303365636235643331323637353166343833366365343435316432633165366533326465383963
61663438393332373530323932383631376466323361353266653133623764663363303363313033
62613636306264303037646631633537636331633462373165393032613766636137306437353063
30353739323333653664303665396264313861373034373331393838323239333864626231333937
33353331383639633661356638386533396466623431313431306463346238366530633036346561
32303636353864366132396638356434376539623034346136343764303634323863326331343663
64613036366266313933316535653437303835336234343635383430653037313439323965323935
32353433343331323036663363376561306432383266643134343936356530313033366163363231
35636139626338636437393234343037303734636230663934376534336566653231613336303632
38663261663062653661333736653565626265393639356565363133303061316166376331323730
34633630383062306238313038393834366464663062623631366236353530376532306162383064
65396537616630336632633336626336663863303339313033353930326135386231396231616238
34663331303063666136653539346637393734316333353630613062353264633638653565643731
38316532666130663762633266303765393139663437386161633830383861653033656665346138
30373931373037333232363262613366636132303830306365303738646363313836313130626137
64663333376435633338346564333765666635373666343064313035323630666530343635376238
37336236626664343362383562616437666431353437653466353766663162386234306262646566
39303635363365336536623339363965623632653965653837383631653830633633306638633965
35336434653834663966333039653832333630326136353834316434336265333037653335313365
32323230346262643631633564656630633466326530353435653239363266303964656132343662
38636237386162313266313037623538633662396165663639663237313765393862643066346464
32383163653066373731363165656565393837363230623636303965383439336438303032313064
34336531393461376366313232333461613237363963366432643636346235623936326431333561
38623738353765316339343866623435313732396335653563313939623130373136316433333038
36396334396236656230623039613639633730383336383833613165363030613038643630363061
37306634383536346234666233656630353632633064326336313062333963623338343636616564
33646539343664303165656532633036396163343930616161396261623936663039393865326662
636266636234386538316531633930303465
