$ANSIBLE_VAULT;1.1;AES256
65633363353430346139323336386561656131616538306363613739316431383832306631353966
6366323565366634386231646365383331333434336134380a323733323335613438303134353032
34333038313365343961653738366662323164613731313063626238643033326432303430353661
3664393631386665310a346165306136623766636139313261323039623064376332346531666130
65373337646631346431636130616232646531306635636339383563633439653861623639636665
65343638316532653366313730343965653831643434643739303231623663633230323830663861
65623766333039613330303738393838353934636564393163313235343766373134373361643538
37336465353533363439613665386338373131336537383532353536343365373438363563636232
62663435356434303632633463323232386431333633343631613834353262613138363937316563
64343035316633363730666531353830623037623638313436363935313061623036656139323133
35643139643536306265346439356163663137376432616135326533653938313133306332346230
35323834626565353238363231643762656134383831396566396336346232303631663563306130
35343765326464613036356431613163646432633263633062326438376437633030343364643239
64313136353537383330616264303539323531356635663736633432643834653636323830353539
66346433343062343035323138373238323433346632343539303836303165623364613739383130
34343564306139326465663538303738336362333037383634356137363439653831643166626639
37376536613331303764616365653234313933616634396238353739643338316134363561396136
63663864656533373732623432633338316135656433326435386232666632323861643263616433
643635353533643832343661306439613966
