$ANSIBLE_VAULT;1.1;AES256
32383866326434356232346262626433646164303732663132343336363566636233613963333831
3535616266333364333863393362666232636232666239340a383731373234633062613230653734
65353834363030396636303163633434323832353965383866336366616334386134633932393666
3838323239353536310a306665623563323036636332343232633635616264313366366562313837
66313430623130363661643162383963653661636364393862613164666632373666306339373336
65343238633238656562646232643931373837663766656163353431633330393962363839626436
62623763386431323562386461383933333361666435633831623165626463313430343032316662
32363432386234323438316231623532376263343330303132383537346236353534306563616264
32306262626234666466663838646432666234393764326534373033643665383861363832363637
62623862373161646563326664376635313166323035663864366438346337316135613239643565
64393761303465323566303038633365373237393031633232666531323837336164663838633965
39363737316233393035353466396436656634623032613033363531633731653135396564653163
6438
