$ANSIBLE_VAULT;1.1;AES256
32326166623363633963386664653736313938643161323634356237653333373365373466303862
3362626134613161393733353832393161666235376461370a656263343237633836353339623266
65366134383836626339616133636231656630663639333530323964653866663936356631666235
3532383439653236660a396635626562613031353730656162356134393330373330383861366432
31643666633137383335356235396362623338346663373936663131306230623635333832376436
31386534386633633666666231303066396538376136643266613666636264653761646462643334
64303739333262363761393733396564633639663730653465653732343166383439613838326333
65373932343730313738613864613138306238323962313064636132663532366230626239316230
34633232353561326161343234653638313930633430643234333238613061353331613134306362
38303339613234326665636337616261323730303437613962366161616339343364323238616639
64353638333730326436366638373431623463303864346363393564633266353433653038643063
66396662613738656365653466613834653166323239656666393438386464343738306537633063
34393365363864353362383365643963383034623737623432376538613764623336336337633964
64643935653232393133363632626663663862313431363934393136386430343663646338366430
64643432643031376239373663303264343432366232396637346262626136383639343131383737
63643235376462633330356262613539643830313535626536323562623030323564363035313965
31333165386537346635666161306634313865623038666538613030633565366637616462306134
32343863613362303530363737633332366262396364366530396639346138303864646165353034
37373663336462646635613432663832353438323134616230316637343563343938366635386231
39353035323565643131626566373233626163616539353833386465393630326561373632393662
3435
